         LINEAR REGRESSION
    Prediction = 0.0  (20 ROWS)

+-----+-----------------+----------+                                            
|label|         features|prediction|
+-----+-----------------+----------+
|    0| [18.0,1.0,156.0]|       0.0|
|    1|   [18.0,1.0,3.0]|       0.0|
|    1| [18.0,1.0,108.0]|       0.0|
|    1| [18.0,1.0,108.0]|       0.0|
|    0| [19.0,1.0,103.0]|       0.0|
|    0| [19.0,1.0,103.0]|       0.0|
|    1| [19.0,1.0,134.0]|       0.0|
|    0|[19.0,1.0,1247.0]|       0.0|
|    0|  [19.0,1.0,88.0]|       0.0|
|    0| [19.0,1.0,626.0]|       0.0|
|    0|  [19.0,1.0,60.0]|       0.0|
|    1| [19.0,1.0,108.0]|       0.0|
|    1| [20.0,1.0,423.0]|       0.0|
|    0|[20.0,2.0,-172.0]|       0.0|
|    0| [20.0,1.0,134.0]|       0.0|
|    1| [20.0,1.0,153.0]|       0.0|
|    0| [20.0,1.0,210.0]|       0.0|
|    1| [20.0,1.0,215.0]|       0.0|
|    0| [20.0,1.0,291.0]|       0.0|
|    0| [20.0,1.0,602.0]|       0.0|
+-----+-----------------+----------+

        Prediction = 1.0 (All)

+-----+-------------------+----------+                                          
|label|           features|prediction|
+-----+-------------------+----------+
|    0|[51.0,1.0,102127.0]|       1.0|
|    0| [52.0,2.0,66653.0]|       1.0|
|    0| [56.0,2.0,58932.0]|       1.0|
|    0| [60.0,2.0,71188.0]|       1.0|
+-----+-------------------+----------+


Linear Regression Accuracy ->  0.8802791306244094






         MULTILAYER PERCEPTRON
     Prediction = 0.0   (20 ROWS)

+-----+-----------------+----------+                                            
|label|         features|prediction|
+-----+-----------------+----------+
|    1| [18.0,1.0,608.0]|       0.0|
|    1| [18.0,1.0,608.0]|       0.0|
|    0|[18.0,1.0,1944.0]|       0.0|
|    0|  [19.0,1.0,56.0]|       0.0|
|    1| [19.0,1.0,302.0]|       0.0|
|    1| [19.0,1.0,329.0]|       0.0|
|    0| [19.0,1.0,424.0]|       0.0|
|    0| [19.0,1.0,527.0]|       0.0|
|    0|   [19.0,1.0,0.0]|       0.0|
|    1| [19.0,1.0,108.0]|       0.0|
|    1| [19.0,1.0,779.0]|       0.0|
|    0|[19.0,1.0,1169.0]|       0.0|
|    0|  [20.0,1.0,66.0]|       0.0|
|    0|[20.0,2.0,-172.0]|       0.0|
|    0|  [20.0,1.0,67.0]|       0.0|
|    0| [20.0,1.0,130.0]|       0.0|
|    0| [20.0,1.0,602.0]|       0.0|
|    1|[20.0,1.0,1819.0]|       0.0|
|    0|  [20.0,1.0,79.0]|       0.0|
|    0|[20.0,1.0,2764.0]|       0.0|
+-----+-----------------+----------+

        Prediction = 1.0 (All)

    +-----+--------+----------+                                                     
    |label|features|prediction|
    +-----+--------+----------+
    +-----+--------+----------+

Multilayer Perceptron Accuracy ->  0.882741899933877






           DECISION TREE
    Prediction = 0.0   (20 ROWS)

+-----+-----------------+----------+                                            
|label|         features|prediction|
+-----+-----------------+----------+
|    1| [18.0,1.0,608.0]|       0.0|
|    1| [18.0,1.0,608.0]|       0.0|
|    0|[18.0,1.0,1944.0]|       0.0|
|    0|  [19.0,1.0,56.0]|       0.0|
|    1| [19.0,1.0,302.0]|       0.0|
|    1| [19.0,1.0,329.0]|       0.0|
|    0| [19.0,1.0,424.0]|       0.0|
|    0| [19.0,1.0,527.0]|       0.0|
|    0|   [19.0,1.0,0.0]|       0.0|
|    1| [19.0,1.0,108.0]|       0.0|
|    1| [19.0,1.0,779.0]|       0.0|
|    0|[19.0,1.0,1169.0]|       0.0|
|    0|  [20.0,1.0,66.0]|       0.0|
|    0|[20.0,2.0,-172.0]|       0.0|
|    0|  [20.0,1.0,67.0]|       0.0|
|    0| [20.0,1.0,130.0]|       0.0|
|    0| [20.0,1.0,602.0]|       0.0|
|    1|[20.0,1.0,1819.0]|       0.0|
|    0|  [20.0,1.0,79.0]|       0.0|
|    0|[20.0,1.0,2764.0]|       0.0|
+-----+-----------------+----------+

    Prediction = 1.0   (20 ROWS)

+-----+-----------------+----------+                                            
|label|         features|prediction|
+-----+-----------------+----------+
|    0| [61.0,3.0,369.0]|       1.0|
|    1| [61.0,2.0,997.0]|       1.0|
|    1|[61.0,2.0,1058.0]|       1.0|
|    0| [61.0,3.0,410.0]|       1.0|
|    0|  [61.0,2.0,50.0]|       1.0|
|    0|  [62.0,2.0,13.0]|       1.0|
|    1|   [62.0,3.0,0.0]|       1.0|
|    1|   [62.0,3.0,6.0]|       1.0|
|    1| [62.0,2.0,973.0]|       1.0|
|    0| [63.0,2.0,937.0]|       1.0|
|    0| [63.0,3.0,859.0]|       1.0|
|    1|  [64.0,2.0,48.0]|       1.0|
|    0| [64.0,3.0,890.0]|       1.0|
|    1|  [65.0,3.0,90.0]|       1.0|
|    0| [66.0,3.0,204.0]|       1.0|
|    0|  [67.0,2.0,65.0]|       1.0|
|    1| [67.0,3.0,443.0]|       1.0|
|    1| [68.0,3.0,250.0]|       1.0|
|    1| [68.0,3.0,695.0]|       1.0|
|    0| [69.0,3.0,344.0]|       1.0|
+-----+-----------------+----------+

Decision Tree Accuracy ->  0.8817867900962457




                SVM
    Prediction = 0.0  (20 ROWS)

+-----+-----------------+----------+
|label|         features|prediction|
+-----+-----------------+----------+
|    0|[58.0,2.0,2143.0]|       0.0|
|    0|  [44.0,1.0,29.0]|       0.0|
|    0|   [33.0,2.0,2.0]|       0.0|
|    0|[47.0,2.0,1506.0]|       0.0|
|    0|   [33.0,1.0,1.0]|       0.0|
|    0| [35.0,2.0,231.0]|       0.0|
|    0| [28.0,1.0,447.0]|       0.0|
|    0|   [42.0,3.0,2.0]|       0.0|
|    0| [58.0,2.0,121.0]|       0.0|
|    0| [43.0,1.0,593.0]|       0.0|
|    0| [41.0,3.0,270.0]|       0.0|
|    0| [29.0,1.0,390.0]|       0.0|
|    0|   [53.0,2.0,6.0]|       0.0|
|    0|  [58.0,2.0,71.0]|       0.0|
|    0| [57.0,2.0,162.0]|       0.0|
|    0| [51.0,2.0,229.0]|       0.0|
|    0|  [45.0,1.0,13.0]|       0.0|
|    0|  [57.0,2.0,52.0]|       0.0|
|    0|  [60.0,2.0,60.0]|       0.0|
|    0|   [33.0,2.0,0.0]|       0.0|
+-----+-----------------+----------+

       Prediction = 1.0 (All)

    +-----+--------+----------+                                                     
    |label|features|prediction|
    +-----+--------+----------+
    +-----+--------+----------+

SVM Results Accuracy ->  0.8830151954170445

